13282
13281
13455
13283
13279
13278
13284
13277
13285
13280
13286
13287
13288
13276
13274
13275
13289
13273
13243
13290
13270
13271
13272
13291
13269
13292
13586
1201
13465
13268
1199
1200
1196
1194
1195
1161
1160
13267
6536
6537
1203
6535
6539
1182
1183
9158
10152
1171
1162
3376
1172
10442
8828
1174
228
1163
13309
5025
1188
1187
234
3379
3378
4085
1165
227
1186
4086
9531
1167
3385
247
13266
1166
10749
10761
3383
1204
1184
8962
8961
11012
9532
9808
1189
1190
4080
9623
9628
13258
9627
3377
13261
13265
13257
13262
13260
8105
13310
13259
13311
4077
4078
8108
1205
996
9245
993
10090
10110
13256
10091
13263
10089
10109
10111
10092
4066
8106
10108
13264
10088
10087
10112
10113
10086
10093
10114
10107
12993
10094
10106
13685
13018
10085
11938
11939
9624
4067
9625
8779
9970
9975
9969
9972
9971
9793
4382
4377
4369
4378
4379
4371
10076
4370
4376
4372
13205
1019
10104
1020
6828
4385
10037
4380
4386
4381
6829
4366
4374
10084
10115
10615
8475
4090
5379
9056
233
10105
9050
5377
10077
8474
5378
8920
8845
4387
4091
8921
8928
8927
13683
1017
1018
241
240
10098
4384
13666
4383
8922
10078
8233
8926
235
8230
255
8923
9054
9052
5328
8925
5329
237
239
236
253
231
1011
12960
5330
1010
230
9872
238
229
10099
13294
10313
6832
13293
13682
10079
5362
9145
10319
8924
13667
5361
10132
6833
10133
5339
5353
252
5352
5338
251
13202
9146
10100
1021
9055
1022
13691
10080
9152
13669
9053
13681
13692
13668
13680
6904
13673
6905
10182
13678
13670
13672
8798
13679
13671
10081
8799
8232
10101
3062
3063
3069
3067
8443
3064
13640
9147
9153
3056
1013
9212
9213
1014
13325
10102
10082
6830
13637
600
599
1002
1003
6470
9151
597
598
13674
9252
596
10083
8234
10103
9059
691
690
5336
11851
995
9051
8875
11852
12754
914
1922
6458
913
5350
883
9230
9232
12406
5344
12932
1035
1034
2273
915
12933
1925
2274
2268
917
12899
9819
10165
918
9828
9822
9827
898
4426
919
10632
899
920
904
13675
13676
10633
6467
12405
9338
885
8839
907
10634
9825
912
9826
5346
906
9957
890
9958
9821
9010
9467
6460
9986
9209
9210
909
6992
9977
892
9985
4429
8884
6999
9984
9818
9351
9830
908
9983
9829
9978
5345
8877
9022
7000
6961
1924
9982
9979
7001
9981
9976
882
13066
6964
6463
6953
9012
6954
9803
910
893
10035
9462
13042
6986
9464
9824
9150
780
9463
7014
9466
9465
6987
9823
3892
8852
7015
5333
10036
8850
781
895
7024
1159
10599
5824
8271
8265
5332
10056
6279
6282
4057
7025
13239
13238
7026
10073
10074
1921
6289
6288
13237
8878
7027
13530
7020
10455
894
7021
6262
6283
13212
682
8272
4441
10975
6990
12945
4817
6259
9013
5355
8950
6258
4440
6263
7011
4818
12944
8270
6991
5320
13869
10177
8273
6265
3009
8406
4060
11837
6972
6264
8901
6274
13577
5354
5844
8409
2271
3008
6275
8262
5843
10072
8902
3465
11935
6975
8316
10641
1648
341
6293
3474
3509
361
5597
1665
6292
11810
342
8480
13240
362
359
10150
12451
685
11934
360
5595
687
1646
6280
355
7007
686
9763
1649
7006
358
5356
9505
5842
354
6291
1650
5617
593
10008
5357
5841
6178
357
3532
13877
389
8408
2302
9706
390
13876
3534
10024
5599
8491
8496
13241
5600
1656
1655
6284
6285
4087
9635
3582
3554
343
595
3555
10071
4088
9762
344
10464
5358
7023
9431
275
8903
9435
387
3462
3367
11003
9871
3464
1666
9707
9544
9622
9869
10032
388
13242
9831
9610
11936
9029
9621
6955
1667
9698
9870
4502
9832
10457
9699
8809
7313
7315
7316
6271
8808
7311
6956
356
7314
7320
9697
9705
1044
6290
5359
8904
10458
13197
345
1669
5839
9700
5840
9014
1668
3318
3503
3584
707
2305
4491
9133
706
6982
11490
8482
269
265
3583
3504
5376
9129
6983
3496
349
5375
4497
335
3494
7901
9132
9761
5619
5618
6977
9576
4068
9575
1639
6976
316
5837
1638
9764
4069
1660
9135
1661
1043
8481
346
9765
4498
347
10021
3319
10009
6269
8563
5373
6270
5342
8540
4105
5341
1637
9131
1625
3576
9696
6993
1624
1628
315
321
5374
3586
3575
9685
4492
6182
9760
4061
6994
9432
9436
9130
8484
7900
3585
5835
385
3570
1670
1635
10448
8802
712
386
1636
9214
9127
1671
3569
1931
5604
3277
6278
4496
2470
713
3291
5836
1629
5603
9139
6277
1622
319
11007
3317
3518
278
10010
8879
2465
1627
1620
320
333
2260
5195
1626
5196
10121
10299
6179
1623
13479
10022
1042
3559
3480
332
279
6968
8385
1632
1714
8414
1715
6969
10120
2464
5831
5198
9136
4495
5832
331
13545
3537
3581
10095
1673
10697
3580
1619
3538
1672
1699
5620
2463
9126
8880
1698
4494
8881
9695
9686
5621
5199
5194
1618
314
313
7010
4095
2492
10614
3500
5172
1718
3498
3316
5184
3279
7009
322
350
2301
12886
5152
348
5186
10011
2300
8985
1703
1633
4062
5153
1640
1641
12383
1704
7053
3511
5193
3455
115
10023
8647
8646
9634
2490
9704
9137
5192
5185
384
3454
383
5622
7052
6978
9688
10499
4501
3491
9687
11091
5623
9703
6385
1712
13253
9125
6299
6298
1713
3276
103
6013
12466
9689
13035
2462
5188
10808
6014
6979
5187
102
2267
318
108
11151
13036
3315
4351
9405
317
3501
99
2461
10589
6379
3502
1707
8750
8749
101
1675
1708
100
10314
6380
6945
329
8984
382
2266
1674
3487
4064
9881
2487
5625
8562
3578
8229
9694
4065
105
10300
5624
12965
6946
2261
8986
11479
104
324
7169
13706
11947
9030
11950
112
9031
1723
111
11834
2486
381
10291
10287
1709
8981
114
328
3548
11826
6375
9701
5592
5155
6376
8541
7054
13587
9354
113
11836
8989
9834
3574
5156
9555
11835
6273
11824
7163
11833
11825
1700
9833
2161
11838
9399
6957
6266
7168
11827
11828
1679
10025
2472
7162
8603
106
380
7161
2471
9404
13498
4788
6382
6381
379
9896
11948
4341
9880
8963
1678
4413
7157
7079
5628
10310
10778
10013
1722
3596
3479
1524
7012
7174
5680
6295
8604
5629
1721
5679
4422
6294
3478
10445
7013
11949
8635
755
6392
352
9894
2303
10694
11849
351
11850
4423
2483
6391
13899
4424
9879
7094
7130
1720
6090
5201
2297
5200
6960
7127
7093
1719
7128
718
2484
10777
6083
6082
3595
6959
7121
5207
8744
6260
7122
5162
5682
5206
6286
6390
1510
5205
8672
5202
7114
5204
2481
1683
8605
5203
7113
6389
8416
2482
4340
9601
7084
7112
378
1511
863
3167
8438
5157
377
12727
6085
7072
6084
9602
2227
5158
13703
4419
13571
4420
2209
2208
8329
2226
2196
747
12726
6077
1682
5594
2099
4416
10029
1513
4417
4345
4461
12750
2278
12725
5593
9403
1615
10443
749
2205
3236
6995
2206
2195
3566
8634
3564
6996
5171
7074
13526
2183
865
6068
2182
7073
6374
13527
2279
13573
6087
4415
6086
8606
2480
2479
5634
5681
10611
5018
1050
5633
742
13572
5019
5182
2198
5221
2197
8511
1517
5862
40
1518
9673
3160
9893
7090
9878
5222
6078
3054
6088
8505
6079
44
1158
10117
3161
6074
6089
45
10776
9676
10014
6075
2222
10751
4799
7089
1652
5313
4470
2221
4471
1651
10118
2086
6387
6388
5006
1521
1520
1611
2285
6030
2478
2477
5175
1045
862
1114
2191
2190
376
1046
6052
10168
9553
5176
9820
2286
9323
8403
735
42
9759
6911
8633
13499
43
3179
13705
375
9122
3180
9860
6908
6980
13536
2186
2185
3563
9877
2475
1515
9207
9757
6981
9758
1516
9599
2476
861
6386
6051
1657
6378
5635
2252
9192
1658
2469
4437
3535
4464
2468
2062
374
9672
41
1215
10809
12792
4457
1047
1522
5016
373
3052
10775
2213
4433
2473
10030
2212
1523
2474
4432
7544
9613
6019
9196
9193
3162
5180
9677
13098
10015
5181
13579
3163
2277
8648
2280
6373
10752
3472
725
6377
3541
7060
7061
8539
2046
2466
3471
3540
6952
1213
4801
1608
6050
4439
1212
1519
4438
5014
7729
2467
12796
2262
7555
11016
371
5159
1688
5173
8632
2263
5590
9708
4434
6984
8654
4435
13868
10940
2317
3158
3484
10031
13620
13510
372
1211
3051
9663
6049
5601
6048
1214
13163
8542
6384
3483
5556
3159
9614
2030
4466
10941
10016
11504
723
9675
6383
11511
8607
2291
10753
10211
11505
11510
5557
1111
9671
13604
11032
2292
4465
13164
7076
10754
9664
1217
9684
2284
9603
7075
7728
5169
8821
5170
6047
5012
9604
10773
5575
13894
5576
5638
2283
10436
9851
10437
6046
7549
10760
327
10155
1607
10759
9791
9875
7002
13606
10756
326
9633
10772
2011
13511
7003
11503
9600
10273
9790
9890
2275
2971
10274
11512
8561
9194
3170
9044
1642
5009
10791
9683
3169
10765
9665
5574
10770
10792
6493
13190
4104
5558
4206
4207
6028
5167
2276
5637
10767
2316
1218
3049
10768
13535
6027
5168
8384
1982
8643
2964
2315
7087
12942
5572
13529
9309
1207
2962
7559
7086
9682
5573
10766
1983
8631
8333
9308
370
13537
7700
8402
4210
3486
11011
369
1108
13509
10041
9667
4410
5007
10467
8636
10052
6169
2290
12964
13512
10164
13481
10466
8543
1951
6045
9670
5571
11502
1997
12805
1981
6029
3485
9681
5570
716
2272
625
1299
6970
9674
616
11509
607
9678
1979
1980
10166
11506
715
3039
11513
614
4474
2945
11839
13178
2977
4473
1606
8439
3957
3955
5568
4217
7062
12963
8383
3958
1977
3219
3489
13214
7063
1301
11789
6137
7759
1300
3967
11844
5569
7763
9668
1843
3218
5586
1978
7698
6043
3966
9680
3977
7773
7774
7772
11840
7756
11486
8334
8630
7765
9889
13538
368
5642
13123
10293
10764
6548
7767
5161
3976
7789
13305
9300
7800
13169
13170
13067
7807
9669
7777
9874
1975
10033
12793
7747
5160
1976
9679
9328
1304
9299
3173
7803
13525
10042
7797
10762
7601
4216
9861
1303
7782
5804
1837
792
7618
7616
13167
7602
10491
4205
7787
7594
77
8608
3174
7606
13168
7608
5020
7612
10763
7751
7614
7749
3221
7634
8886
13780
7640
76
12791
3222
7588
9835
7646
10053
9301
7067
7625
1973
74
7066
7586
10043
782
1974
1945
13534
12794
7642
8382
73
12790
9303
7636
7627
7794
2295
654
13171
7631
6160
9923
2580
2974
5565
7793
95
3639
9836
3507
94
13621
10154
367
11501
9311
12763
10153
8335
2296
7667
13539
3506
8649
7540
340
8650
5564
1971
10650
10054
3153
89
6042
7591
6041
10649
1972
7069
10044
3154
11514
88
4215
12787
9873
12382
1689
7068
1949
11500
13513
11515
4214
12375
13729
5032
9185
1690
8381
11845
3365
9488
4218
6158
12762
72
1969
13514
2566
1612
2567
13486
1970
13710
5562
7668
3397
71
5563
6125
10801
9570
3171
3398
7098
12374
9169
5643
9165
7082
13221
5239
5028
9178
11956
9526
13768
3635
1967
7083
611
13102
6175
12789
12795
8437
1968
13222
5017
6126
84
5027
13619
8339
8336
8378
92
871
4455
13824
10176
5644
13769
10612
13607
9166
4220
1841
9897
11771
7414
175
6133
9177
7415
8814
366
8380
91
8379
1947
4219
5997
8338
6006
12844
3157
8337
11770
325
1927
3156
12798
5554
689
6473
8629
5984
6472
83
6003
6000
1926
174
6037
82
6001
7430
7429
11476
9167
1966
868
6008
5553
9176
5979
1965
13176
9434
6009
11001
9221
9164
12380
6004
12377
4209
8609
627
7092
11010
79
11002
78
4052
1963
1692
4208
6005
1691
9179
1964
8770
198
870
9460
11508
365
3451
6354
6362
11507
142
6364
6474
6370
6036
9397
6359
11813
6010
364
6220
6035
12402
10713
13582
13517
6360
6357
197
1848
9650
3521
81
13858
143
7425
9653
6475
5978
11480
80
9649
4458
2282
5975
6366
7426
10712
9651
4459
3183
9220
5996
10643
6480
6367
10192
13491
5754
7077
6481
2592
90
7412
7915
6023
5995
3184
7078
93
11814
3070
9525
10912
935
1960
10642
7413
9442
11817
1959
5696
1098
9200
6371
3452
1929
336
6488
9202
3453
5695
9324
8455
1097
959
9163
13180
9203
6489
9168
6355
10271
8377
1930
1961
1962
2311
195
5977
5976
8628
13589
8387
9199
5567
12379
13647
1957
966
196
1958
10045
10463
8388
13588
12378
7905
9204
5992
958
2312
7904
5566
7422
5991
8340
10049
5783
7423
1955
8610
12746
1956
965
4485
1842
9441
13608
10063
6232
1693
1845
4486
13618
633
1694
9180
9457
943
8911
12387
8227
942
186
2307
1954
185
5164
5752
964
7065
5795
8888
6034
6031
13708
2308
7907
3116
963
7906
11492
9440
7064
7417
10004
10933
5931
2298
5938
5951
5878
5908
11499
5651
5747
939
622
5955
10865
1846
5796
9458
5914
5930
5650
13898
5896
11516
5748
13485
5911
8376
5909
5897
5956
12885
363
5893
5693
5694
5960
5910
9160
5782
1138
9183
5907
5894
7071
4964
972
5958
949
1847
10932
176
7070
5906
1139
6018
5934
8341
8832
6017
2299
5917
5746
13602
6218
9334
10163
13601
177
13578
5935
8835
948
9161
5947
925
9182
2287
5552
1132
970
13767
13742
2165
5946
10001
13617
3165
5912
5745
605
2178
10162
9335
13815
1133
5961
971
5962
9162
13609
13347
10953
9343
927
5190
9181
4043
5889
2642
3561
13733
5189
2175
7910
6024
10957
1137
3562
4042
13728
5890
5743
5901
13612
7911
1136
46
2169
5742
13330
955
13711
12465
11006
6022
13732
5892
5927
9198
8559
929
1125
6240
5929
2264
9839
1899
156
2641
9205
9159
13185
12730
655
1126
5653
5740
704
13610
9184
5741
155
13613
1900
2167
13611
5924
934
5923
933
173
5197
13695
9840
8545
9038
12760
5652
5887
8375
10061
13581
10046
13584
5886
5738
5739
8627
172
13597
5166
11478
12403
1127
12845
12404
8342
9197
10050
6032
5165
3611
1128
10184
6242
10867
10876
5920
12883
13585
6033
9206
10005
656
8611
5736
13329
4055
10866
947
9439
11484
10477
13633
5943
5737
3546
946
5944
957
3547
7912
5789
1140
3438
12880
956
9459
13614
13115
1141
3439
7913
5788
11483
8619
5812
8617
5734
820
5904
5811
10028
5903
5735
13515
2643
3441
69
9564
5732
3442
6026
13796
1273
2170
70
5900
13184
5899
1852
13183
6025
13616
3633
7914
12882
5733
8620
13615
5933
13709
10047
3440
10051
10494
8616
5937
1051
8937
13574
11498
13773
8938
1056
1053
12881
13727
5654
1851
8513
921
8450
6606
8374
6216
5803
3557
9033
2594
1293
5919
12467
5918
9305
922
5730
1151
629
13712
2171
5655
1292
1152
13772
48
3558
13798
12875
3612
8343
5729
8615
49
5932
13025
3613
8621
5728
3615
5950
3616
6583
3641
11829
1147
1146
4026
7855
465
6580
6582
5726
7856
11832
6549
6541
4045
5727
467
4047
6607
10698
10197
926
6577
1129
12884
13327
6554
13328
6592
50
13570
10193
5800
5785
51
6800
7859
6778
7860
2230
6816
6809
975
8626
13150
6817
6799
6777
2597
1155
6815
6808
2231
6786
10425
3604
189
6779
6834
188
1265
8612
6785
6542
7857
6843
6789
1857
6784
1856
7858
6783
9342
8622
10935
6594
930
1267
6802
3603
400
4014
8614
631
6801
5697
1134
9320
1135
6805
6588
9449
165
10844
5058
9478
260
194
6689
4048
13825
170
6818
261
187
10845
6810
201
1496
159
6842
10849
163
11031
202
6551
208
4049
6788
3637
200
178
162
164
150
168
6787
7047
180
1150
11211
6227
6543
179
11271
7036
199
1149
160
10952
13778
52
923
13497
13643
8213
6774
9455
212
13635
6773
6585
53
5792
6813
1859
5791
10848
6814
2599
6603
5614
6796
8613
182
6839
5060
1858
6555
13648
8665
4016
402
6597
13161
2804
2234
3303
6795
6576
2235
5787
9170
1264
6793
1275
8673
5319
9208
181
6792
9477
5786
10590
8625
726
10591
13748
7049
191
1131
11830
6772
6771
5724
4050
9480
13162
5725
1130
5062
6553
8740
5061
305
2602
9438
12851
3624
6581
4702
306
6797
2809
7420
4701
7421
5722
6790
2595
5723
193
6608
152
1148
4019
54
1026
6545
5318
634
936
3623
6804
2245
6803
55
4102
730
5317
4326
13892
937
6235
7139
2246
6794
1376
3309
4328
7106
9171
1861
7138
1278
5044
5720
4327
1860
7107
211
11521
6780
404
1375
3310
8618
1277
5721
7428
6578
184
7427
9444
4248
9454
13794
4329
209
153
210
183
2242
13791
5063
5315
2604
5316
154
2243
4022
740
4538
6602
2603
931
13726
9451
932
207
8512
4249
9215
6237
4284
4537
5719
4103
4539
2239
9962
203
5692
3304
7419
9838
6057
9953
2806
13605
11471
13713
5691
301
10639
11472
9648
4536
2237
6601
3312
5809
8558
9837
302
3311
13792
13629
5808
6062
5314
1280
635
1862
7198
3614
9175
7205
406
9172
7202
8546
4023
1863
7196
7197
6063
7201
7185
7193
1281
2606
7206
2596
7191
3305
7194
7208
5715
6239
7190
3619
951
7188
952
3916
5709
5716
4305
5710
5687
3917
5699
13870
2240
5707
5708
10157
6053
2238
5067
257
5066
13194
5713
4253
5714
13193
9447
4252
1419
60
3392
637
5689
3393
9173
3308
5688
1420
61
4811
5711
3307
760
5712
12959
4427
4812
759
2607
13818
5068
2233
6059
4319
9174
636
2232
5690
408
6599
1865
4290
6598
1864
1282
5049
5749
1283
7577
5816
3388
2609
3908
5706
5790
3387
7578
13548
9453
10873
13893
3909
5807
5806
3620
288
7257
7256
1435
5609
3622
3301
13210
7266
3669
3673
7267
5070
2608
639
7237
63
7238
8304
9709
638
64
8303
1284
7261
6108
6105
3655
7216
7260
5150
5069
6109
7844
5845
11973
7307
1271
764
3389
7251
5799
7306
2257
7310
6061
7309
2105
7111
7110
6110
7250
13725
5798
6111
5253
7249
118
7105
7248
763
7317
6060
13714
13636
13043
13704
5718
7108
3656
13693
410
6112
2611
7236
1092
5717
3931
7235
10913
8498
1869
2612
8951
7579
9402
3932
5148
7247
8883
7846
5700
7246
13741
7245
1868
8212
3653
1439
5701
5801
5802
10180
8727
8211
13073
8507
6850
13645
11722
7849
1286
3654
8209
7326
8210
5846
6107
7331
5704
6103
13068
1094
1093
7330
4431
2107
6849
13656
7328
9963
7240
2106
7327
9606
4623
1285
10026
5077
642
5705
10288
13902
5703
7329
2613
10289
4622
8557
3719
3929
6877
5076
2815
2816
8500
3928
6876
1115
13034
5781
8547
3718
5780
13724
2614
3189
6104
13715
1442
417
644
1441
7386
1871
7400
7396
7366
7403
7385
7399
7365
1122
7374
7395
7377
7402
1123
1287
7368
2709
7373
3190
7223
8854
7392
1288
2108
418
7394
1095
7393
4318
8499
5814
2109
7397
1870
7398
10198
5080
7391
8508
4626
768
7390
9371
4625
4317
769
7233
5079
7375
6894
3935
7234
3933
2615
7364
7363
3858
3716
6893
2616
7404
3192
3717
7372
7848
7232
7371
7226
7382
2811
7383
7847
2812
1872
10190
1873
647
1445
13817
5081
3191
1444
7381
2000
13736
9966
7380
6882
5794
3922
6846
646
7227
7228
3921
13816
11030
7361
4627
5048
9550
13196
7362
3859
4628
2619
4310
7379
9549
8548
701
8556
7378
3193
1289
702
7230
5813
5779
7388
7231
7389
1447
3194
2810
5606
6862
1448
423
2003
12958
6861
4304
1290
2617
2496
9065
7370
7369
3938
648
1835
422
4631
4912
3940
5612
1834
2494
7224
649
1990
583
3195
584
4254
8260
3196
1449
1450
12892
9365
9369
2620
2001
3712
6868
12951
2818
2817
9965
3711
9967
6867
10793
10280
3126
2002
3125
710
8549
9948
13901
5611
10278
10279
516
711
517
10277
1991
1875
5588
2712
1874
8555
1100
7277
2713
10452
7876
10450
11313
7484
7494
11487
3045
4321
3046
3946
9368
7475
12729
5797
7452
7483
7461
3947
4320
7482
7498
2111
7894
425
6899
843
2110
1099
13040
9086
6898
1451
844
3198
770
7441
1452
506
7497
7451
1877
3197
12468
6707
8373
507
7282
7440
7281
771
7500
1876
426
5598
7436
5639
6691
7499
2714
2715
11804
3912
3911
7435
9367
7512
2624
8344
10869
10870
7511
10871
7501
7510
7486
7522
2623
9920
7508
9756
10868
7506
6857
7530
13022
7509
7538
13508
7521
7507
10872
7527
9947
7529
7534
7485
7537
4334
6856
7528
7533
7434
7525
8554
9414
4643
8550
7526
4255
3862
5675
5087
3040
7438
11171
4644
839
8537
3041
7288
5676
672
7504
3132
8514
4286
7437
3863
7289
838
7505
9339
3864
7536
7492
428
1101
545
7535
7491
6694
6847
427
845
7473
13590
6693
3048
1102
6848
10834
7519
13891
774
7472
9841
2626
7520
2625
775
7460
13753
3199
7532
3043
492
7293
2114
650
5091
7531
846
3200
651
1457
9842
10594
7887
7459
2115
3997
5517
10596
2251
4646
8551
2718
3688
847
7517
3687
4647
8553
7490
520
7516
7172
2719
11311
9085
7489
4273
7469
6700
430
848
1116
4274
7468
6699
429
9946
4336
776
9921
5516
6890
3129
777
2628
5602
5665
5616
515
1458
6889
13737
653
5515
580
5093
4649
7446
9067
2117
1117
5094
2629
7571
6709
6708
7445
13735
853
9406
5664
581
12732
9407
9509
1459
7443
852
9469
1883
7442
4648
3141
1882
10305
3144
2720
7156
8552
2721
3995
12731
6711
13255
855
6502
13882
3996
566
4270
565
3135
13723
7439
2250
778
7493
3201
2247
4271
2249
1462
2425
13716
6499
6874
2009
2248
5518
13782
779
5098
2632
6500
1461
7464
6873
7448
13781
3134
9084
3296
2426
6495
6498
310
7895
5097
7896
4653
435
6688
9068
5615
7476
7477
436
6496
5519
2722
2119
9265
13696
3295
4125
11312
1118
2723
3133
4651
10571
5884
7467
5100
10302
13472
5669
1887
859
6896
3203
7447
9987
3419
10189
5668
5521
3202
9945
7286
5054
6399
4654
6400
9843
5520
7450
7449
6897
7868
439
2635
4266
858
2633
440
2429
3300
2121
9844
4905
6900
1466
308
2428
7444
9083
1465
2726
4267
7295
785
7867
3298
6860
786
9069
3138
7294
4656
3137
2122
7463
7474
1888
6402
5102
1889
4123
5103
6403
442
5523
3205
7360
2727
7470
860
3421
3204
6852
10449
4657
7471
5522
7270
2430
4908
4906
3127
7651
7658
2431
6853
2123
11009
7662
1220
10482
7358
6405
12917
1468
1467
6406
1229
13528
788
7478
7357
1230
7479
787
6886
1891
444
7660
3293
9226
443
3207
3294
5104
7659
7738
2124
2728
7744
7741
307
7735
7737
6885
7733
7743
7740
9597
7734
7290
5105
2729
7732
7488
3208
1226
4663
6407
5524
2432
4813
1890
9070
9611
7655
5525
1469
7487
2434
1239
8728
6408
7336
7654
2126
445
9988
1470
446
553
7335
554
7885
9944
4662
7457
1245
1225
13583
7653
7456
2672
7696
12955
7695
1244
9954
9846
5107
8372
8181
5526
8242
791
9931
7345
8241
5527
9955
3209
7679
4909
7837
8345
9845
7344
7665
7820
9956
3145
2438
10000
4664
7666
7678
1472
7821
8243
13722
7828
9082
4910
2439
1471
5110
7466
7827
2732
3854
2127
7819
304
2733
7672
7818
3297
7673
7817
7465
569
1241
13717
13900
7656
1893
7816
449
13770
448
2128
568
793
1792
6409
7814
1234
9989
1894
7352
3299
9943
7815
1233
794
4904
7722
13771
4816
8792
8644
7723
1240
4902
9998
4666
11024
7833
10169
9937
5529
6902
9996
3846
2734
5530
5113
280
7832
2735
10290
9936
7685
3797
536
564
5112
6901
7687
3404
3403
3146
4668
9995
6411
9935
7813
2440
7812
6412
3210
9997
1232
2130
451
1231
7706
1475
450
9933
2129
2441
7877
7704
9071
7878
10631
7831
4667
7830
1896
796
2736
9307
2737
7684
1895
5114
7683
1793
12842
454
7824
11775
3652
1794
1227
7823
1476
453
6413
1228
6414
3658
5115
9848
4744
7688
11784
4745
7835
13155
9990
5531
259
9080
2131
6477
11925
2442
13249
8495
7669
2132
9072
2443
9253
3148
9942
1478
9225
3147
7693
8663
1477
1223
9224
1224
5973
4900
2739
7692
3661
5118
3081
8168
3657
6415
11920
2738
9940
13744
4901
5119
13807
9941
9938
5533
1898
6416
9939
7565
9993
9994
9991
9992
456
9073
457
9079
799
7711
5532
2134
7713
800
2133
9248
11776
10597
4749
4257
11783
7359
1798
8301
7893
12946
4674
4748
7564
6871
7563
9850
5122
1902
12463
10600
10601
5535
529
12462
1243
2740
1219
2741
9078
512
2446
8452
5534
6872
7716
3083
6420
7714
4675
2445
6419
7543
459
3082
7542
5123
7334
1775
1480
1799
8326
1481
7691
539
7690
2541
9076
2742
538
4308
801
1903
5125
460
7558
7557
3672
4676
3668
2743
12761
9548
7708
7709
5045
1221
576
7347
2542
7346
6421
1222
7866
7865
2448
7853
7551
10484
7552
11921
577
2138
4258
6442
2137
4752
13849
12962
9257
7721
11777
7350
4753
8223
7351
4259
12904
11782
4898
4897
13482
1483
13477
7718
1313
806
8225
2545
11924
12947
7556
807
1904
2570
7719
2544
9077
2451
2569
2450
268
7554
5305
1905
5127
6443
10795
3212
6444
11778
3211
9047
5292
4679
7682
2139
8678
7680
9565
11781
4116
3364
2747
9048
2746
1530
11831
7676
665
2571
7675
4681
7340
808
3076
7560
7561
7341
809
1528
7136
2453
13777
2452
2572
6446
2
2546
10196
6445
5290
4
4680
1778
2547
10129
4896
3086
5291
6151
4899
11944
7703
7342
13044
7702
2748
1906
3215
11779
5132
7339
1907
2573
13721
11945
5133
13776
7548
13503
13718
10579
7546
4756
13504
3080
1487
810
11780
8956
4683
2568
4894
1532
3079
4757
1486
2454
6152
2749
7349
7898
7
6
4119
6153
2144
4895
7897
3078
5311
5289
1531
2143
8894
7899
3077
1731
2548
664
6447
4682
2549
1803
5136
1802
1732
2455
12852
2574
13195
3186
5135
3345
1314
2751
1908
812
3344
9545
2750
1909
13855
7141
811
2146
5303
1488
13856
1540
6157
6156
5306
3149
8426
2145
8422
1805
1534
4684
8208
2575
669
264
4293
7880
2550
7879
1804
8207
7916
4686
3363
13854
663
5508
8034
8035
8002
8056
1910
13857
2577
8045
3850
8043
7992
8000
5507
8036
5498
8033
8001
9217
8055
7966
8046
8042
1807
13805
1490
5288
147
7991
7934
5297
7978
7967
4761
7999
5300
10846
667
6165
3033
7933
10175
8010
8038
7144
7932
3038
6141
2752
1489
7987
1911
13806
5294
8371
4760
6140
8025
7973
8039
2753
8014
5139
4892
7972
3185
8026
7956
5138
2148
813
1737
668
8064
3036
4316
5298
1738
7937
7955
8346
2551
8063
2147
5293
8889
5312
8404
7927
3032
3216
5505
7936
5499
814
5506
7931
5296
1808
1492
2578
7930
5299
8048
2579
4260
11923
8047
1913
9329
5285
2754
9236
7929
3347
4763
3348
7928
3031
1912
3030
2755
11922
2553
4820
5295
8066
537
3810
1537
4819
8065
1493
5304
1739
5046
6166
1538
1740
4821
558
6159
2149
4762
8004
2552
1811
8037
2582
7409
2583
5140
7980
514
2456
7979
5509
513
3860
2457
2756
4847
2151
8008
5510
4846
3349
1810
8007
3350
7524
7523
570
7408
2757
13596
1541
12755
4300
7407
1743
7923
1539
9810
12992
4692
4301
9812
1499
13651
6167
2554
7958
817
5301
5302
2555
4691
5513
818
5144
2459
7411
2458
7957
7948
2759
1497
12948
4764
7410
5512
1745
3321
2758
7947
1916
13756
8726
13811
8062
1917
1812
8061
13812
495
5286
3336
496
8053
6168
5287
5052
10820
4891
5502
290
8052
2557
3352
2558
21
26
2153
291
3848
4695
13789
3243
3242
10505
4160
20
2761
3335
4161
2760
13720
5309
8024
8023
5511
11805
4277
1749
13790
3817
1501
1748
5514
1545
5051
697
8114
4693
25
3798
6170
13883
696
5503
3818
4276
1544
8115
5307
3813
8124
2460
8126
8031
1500
8118
3814
8116
8167
4841
2155
8125
1814
8119
10303
3816
4141
13707
4840
3815
1815
8152
7943
13078
5145
2560
3812
13085
5146
2156
8237
3811
4698
3233
7935
4186
4767
4766
4185
2763
13069
3354
4142
3778
293
13787
3353
7986
13024
7984
13084
4822
1816
2561
2562
292
4823
6171
1547
3779
1546
2158
3852
13079
5394
1754
1502
3245
3801
13788
3246
2762
8041
8040
823
8030
10489
822
4700
1503
10573
4727
4699
1755
10490
4199
4198
10572
8029
4768
8009
10798
8250
5050
7875
8664
3326
10851
6173
10855
9026
1818
10593
10854
3325
4858
13827
13847
7965
4857
1819
8194
297
8370
8347
7964
10860
1548
1506
10861
13846
10862
7882
1529
3780
296
8190
10863
10864
3827
1505
7881
4769
8321
8028
824
8724
10577
4706
10576
13828
8027
3237
4704
4173
4865
12743
4866
3238
4172
8252
13786
8153
8060
13083
13845
8745
13148
8249
13298
7891
7892
13139
8166
8141
13080
8912
2343
8059
13124
1596
8140
13829
12934
13147
8919
8918
3834
6327
13297
8935
13785
3232
8058
4770
13844
4771
6328
4709
3231
3784
1597
4287
2768
1551
8913
13138
8057
13125
13082
4288
8936
13081
1821
2767
1550
67
68
1824
4884
7961
7874
4707
7960
7883
4883
3867
1598
3343
10747
13186
396
1600
395
8465
6509
6519
10149
7950
6520
6507
4151
256
6532
7970
1823
6513
6508
4730
8149
6515
6530
6518
6523
6505
6521
10877
6531
10840
9218
2354
9211
8369
6525
6514
6506
6522
13784
8944
13783
6528
4724
5225
8949
10838
298
6517
8154
3235
3830
10842
6503
6516
10715
8165
3234
2016
13137
3782
10746
6511
13126
6504
13639
4832
2015
1508
4831
6510
8013
6526
7982
6529
4188
6311
8914
398
8285
6310
1826
8348
397
8788
10910
3840
13219
8276
5004
4136
9412
1602
8917
4543
8278
7963
3868
2017
11005
8284
13757
13136
3792
7962
3330
13218
3434
300
13127
3435
8506
13542
8283
10574
5226
4999
13591
1827
5227
4867
1759
4731
13830
2356
3250
8279
10575
3249
2018
4542
4732
7994
10779
1760
9805
3334
7993
5414
10734
4166
394
287
8282
1359
9105
1829
6143
10733
5003
1360
8457
9619
6223
4165
7839
1604
13843
4874
8155
8281
3424
6317
5002
10732
8164
3425
8915
501
9106
6318
11026
2563
2512
5001
502
7953
3795
285
3230
4725
7954
1761
3229
4726
10832
10780
4561
13831
1361
12914
6427
11411
12900
4178
11027
1762
2357
9353
3843
8954
4875
4876
4137
286
13842
6144
13236
5228
3332
7945
13135
2020
2021
5229
13128
1763
9519
3427
3426
1362
5415
10831
7946
10781
9352
3356
7952
3224
4733
1831
6562
7951
6564
9503
3431
6558
6561
6557
6566
6563
2358
4734
2686
1363
4562
10939
2687
6565
13832
3430
6225
4563
6398
2564
13841
7996
7995
13833
4888
1729
2565
4889
12956
6335
6559
563
3853
1728
13840
4011
3433
3802
3432
5230
8156
1364
562
5416
5231
263
5417
4565
4735
284
6336
4184
7988
3251
4736
10782
4183
13834
10830
3328
4564
8134
13839
1832
3799
2024
1765
3329
9107
3429
2025
3428
8018
1365
10731
8017
13835
2690
5232
4838
535
6334
13838
4837
4193
3849
1764
4192
10504
2691
2360
5418
2517
5419
3254
1367
2361
3339
10307
8844
503
6338
9639
13116
3340
10829
4738
10783
9186
13836
28
4737
13134
2499
267
13837
13129
4503
8016
8015
4012
2498
9187
9258
4854
4504
3226
2518
5384
1779
13145
4853
1780
1369
500
2692
9188
13546
7969
3323
7968
9190
3783
2028
510
5422
8471
13766
1368
12849
6302
4739
5421
10828
13122
3228
2029
3322
4740
3833
6301
9108
277
2365
4149
2364
10784
2695
4039
34
13133
4566
4150
7918
2520
13130
2500
2501
1781
7990
1371
9189
9959
1772
4567
4040
5385
3324
8306
2032
13071
4862
5423
4863
5424
9615
2367
1370
4741
5386
7921
6667
6674
6671
2503
6617
6604
3789
9642
6620
6670
6613
6673
5036
2502
6628
8368
5234
9027
6672
8907
5250
3832
6651
6649
5035
7920
2696
6654
2366
2522
2697
5248
6648
6610
2523
5235
13874
13871
4190
1936
3337
6611
4189
6623
1935
5249
1940
33
2034
4033
1939
6621
6653
6347
10730
4032
3338
10716
1783
9219
7942
6652
6346
2352
4568
4878
5426
2010
531
1934
6650
8349
530
989
5425
2524
7941
1374
2497
4569
4839
8940
1782
3807
2525
1373
6669
6643
5034
5247
13117
5246
13873
4201
6683
6646
8448
6642
13872
4200
9216
3857
2368
6645
5033
32
4844
6337
2700
4035
6641
13118
6682
2526
10785
2699
10827
6640
2527
273
2369
1381
10644
13480
4571
2036
10653
4570
4773
13143
4144
6630
4143
6631
9110
4772
5428
1785
4036
2683
4037
6193
1379
8006
6199
10729
2701
1784
12950
31
2528
5037
6676
2370
272
4824
5244
8005
984
6675
4864
2037
8163
2529
8157
6349
5245
4774
987
4176
6350
4775
4177
6209
4572
3794
8843
8494
1382
6189
6655
8050
2005
6668
1383
4573
2373
6625
10786
6624
30
8049
8677
9511
13037
4776
7975
2705
12922
4777
2531
4575
2530
6215
6619
271
4179
4180
8162
10826
12943
9512
4451
13580
6618
4452
5431
1774
12921
5039
6715
6713
6718
2374
6716
6714
4987
6207
6636
2375
8659
11251
6635
10446
6213
1773
8467
10942
10728
2703
6309
4778
9487
10717
11742
10956
4576
4779
13775
4879
6719
4880
6660
2041
3670
3800
542
2040
10825
543
1387
5236
2535
27
4195
6634
10787
2534
1386
258
4194
5433
3851
4988
5432
6633
6567
5237
5223
6319
4984
6662
2684
6211
6720
6722
6212
4578
1766
13032
8161
8158
2378
2042
2043
6658
11926
1388
4580
13248
4881
2379
2506
6657
2505
1309
2706
4955
13247
11927
13132
4138
4139
6331
1853
1787
303
6300
4834
35
11962
6626
4990
5238
10823
11963
4833
4581
9112
4991
10788
2044
6195
4582
6205
10454
10727
3781
5395
6746
2707
6748
2380
1786
1390
2537
2538
5436
3829
2381
4174
4175
6191
4584
6749
4958
6747
1389
4583
270
6750
13215
2047
2048
6192
2507
11964
4979
11454
6187
11453
4980
2685
1789
11961
533
13244
4585
4586
534
1391
4960
1392
2382
1788
6731
12949
6755
2383
4322
4146
4147
2049
4323
6725
2050
4852
5439
4851
4587
1919
11965
10824
11520
2708
4588
11960
3791
6728
11029
6765
6333
2510
6203
6332
13077
2385
2384
1769
10789
1770
4993
4982
2051
4279
4591
3839
4943
5442
8892
4592
1396
4170
4311
2540
8891
2539
13881
4169
1791
4994
10235
6325
8592
11966
6326
13141
2054
4849
10790
8074
8367
3790
4850
9005
4593
8564
13142
11959
8589
1790
8567
8075
10822
8991
11929
6730
9537
4272
4939
3838
4941
2053
6729
10726
13630
5443
2386
1399
6344
6723
4289
10718
5444
6345
4871
8350
13245
4870
1398
2320
4934
10234
4945
11970
4595
8819
9004
11928
3841
11958
521
4596
4181
522
4861
11967
4860
9263
4938
4306
4182
5446
8569
8587
5445
2057
13075
8077
4946
8076
10719
6323
1400
6324
5541
4836
6210
10326
4597
4835
8993
10309
9007
10214
2389
2390
1994
4187
10725
2058
1993
2059
4598
4307
9484
10453
13146
10323
13149
4935
8083
4159
4937
8764
6304
12912
14
11071
8082
6303
5448
11968
13
1405
1407
8391
5536
3825
2061
8389
2391
5539
2060
2392
6190
8071
8570
4506
11072
6201
4148
4298
10
4299
4599
13493
9
4191
10995
8086
8079
10580
10994
13026
2914
9002
10592
10205
6197
13471
5542
2064
6198
10421
5453
2393
2063
12
10422
5538
11
1408
4600
4295
2915
11786
5452
6312
8073
4294
6314
2066
8072
8366
8571
2396
16
4140
4145
8585
6208
17
2395
6194
2065
4602
10720
10216
10327
9001
10206
5455
4603
5540
9277
5537
4475
5454
8351
10724
8430
8995
10324
8067
10208
6196
9000
7048
13576
10204
4309
4472
9276
13153
8584
2067
8084
2068
8085
4171
8763
13458
6322
5457
8572
6206
10548
6321
13459
4467
1415
2889
1416
10209
4607
4468
4606
10135
8999
2888
5543
8080
8078
8070
5458
9270
9279
10203
2069
2070
2397
6352
10328
13201
4462
1259
13252
10325
5459
4164
4463
13603
8998
13200
4291
2398
10210
135
7044
1258
1417
1257
1350
122
121
4608
124
123
1256
1255
4609
13547
9297
4154
12954
126
125
4456
10700
137
136
2399
6306
2073
8365
11815
11816
2400
10523
2899
134
133
4280
2868
4611
10231
10137
1418
2074
4204
10232
7043
132
1310
131
4610
6339
10136
8352
141
140
5461
11952
11953
4613
9284
5462
2322
6320
10194
6348
9095
2349
4275
4612
10230
10229
2076
2075
7041
11014
3842
10139
3831
9296
11015
9285
10138
1422
9286
5463
9269
2892
5464
11766
1423
4614
11764
2891
11765
7038
4534
11763
5465
11762
10318
2401
8860
10699
11231
5466
8714
10721
8580
2081
4278
6923
9266
10723
8582
10227
8581
10228
6922
8364
13598
10315
1425
13108
4616
6920
6916
6912
7046
6919
6918
9061
13878
6914
4615
6921
11073
2905
8353
5467
9009
9008
4264
3693
6929
6913
10140
10141
5390
3690
2904
8758
8760
13345
6938
8759
10447
8761
10569
3727
13484
13739
8762
6939
7644
10874
8096
146
6943
8309
6940
2405
11111
6937
8812
6924
4784
1428
2406
4554
13320
13743
6935
10225
6936
10226
11931
5469
8313
11930
8
6934
5468
1427
6944
10143
13649
9726
7604
6930
10142
2666
8100
9715
8363
2665
2890
2906
2664
13199
8354
6931
4617
13076
12397
10145
7643
2663
12398
6926
2662
7101
10144
8732
11331
8093
8800
1430
8094
6928
8446
4618
1429
8447
12923
6942
6941
12924
2670
2407
2669
6837
7609
3024
2408
7610
8097
3025
8098
13070
8830
10146
3020
4523
2675
2668
2907
2667
3021
2674
9811
10148
4522
6836
8441
6835
7620
9853
8310
3588
7621
8509
8092
1434
2679
8311
2682
1433
2681
5471
8312
5472
12903
6840
6841
2671
13198
12901
9716
9725
2409
2326
1326
10219
13523
3422
3423
1312
12925
4621
2908
5475
2909
13884
8362
4620
2353
3414
8825
8900
1404
3416
12902
6744
10221
10222
13903
1334
3993
6745
8899
5476
3994
3409
3408
1323
1393
5477
8355
1385
2411
9718
3989
2410
1504
4508
4507
1351
9724
1377
3990
6743
13890
1343
13879
3415
3413
6742
13885
5479
13880
8742
8743
5478
11481
11482
10297
10308
3411
10223
3412
10224
2910
6737
2911
6738
1321
9723
9719
5481
3407
3410
11933
13312
6736
6735
5480
11932
13887
4516
10125
4515
13505
2896
1347
13886
1346
13889
2895
3983
3418
3985
9559
6739
6740
2414
5391
6121
9717
12864
5392
9722
2415
6120
9426
4513
9425
13888
13187
13156
6113
5484
6114
13501
3992
13663
13500
2327
6118
2650
12953
4553
3981
3984
1358
469
11773
5393
4552
1357
9517
2437
2870
1570
5852
1569
5851
13662
6117
11772
5854
2436
5853
2865
4556
13449
2872
1588
4555
5855
13502
2873
5487
13450
471
1316
1587
470
5488
2866
6122
1315
6115
1578
12863
1577
11473
12866
10469
13592
9776
5489
2342
10714
1344
13089
9767
9773
9516
2886
9636
5492
9772
2341
2885
12868
9766
9775
7146
1581
7149
8361
7145
10006
1571
1580
9579
7152
8356
10007
12867
7154
9795
7153
1583
1579
5491
1586
7151
1576
7150
1582
10821
1572
1585
1332
1331
9581
2874
2837
9578
2875
4558
2416
1342
13809
9582
2838
4557
13086
13092
2884
9347
2883
3683
2841
2418
9755
1348
2419
3725
2842
13091
11475
12862
3715
5404
8851
9580
10696
2798
9583
13478
13087
10602
13506
10695
13211
10654
8200
11846
7605
8360
13638
8199
10857
9042
10859
13033
2331
8198
10657
2330
10858
8357
2253
8736
13507
1340
12707
13088
13113
8737
5493
13090
9041
5494
13474
2827
2420
13473
13594
1327
2828
2421
1328
2830
8795
4521
8794
5407
4520
2333
12961
1325
8359
4531
8461
1324
1068
2423
2422
12957
1317
5495
1339
4529
4528
5411
1338
2339
2340
4639
4638
9792
5410
1335
